w_ref: 0.03819000726434428
v_ref: 0.1001407579811512
v_ref_t: 0
v_ref_s: 0.0108627157420586
eta: [1. 1. 0.]
nu: [0. 0. 0.]
eta_d: [10.00035914  0.24996664  1.56654648]
eta_d_s: [ 0.04243858  9.98585381 -0.33009297]
eta_d_ss: [  3.29165665  -1.09721888 -11.90686869]
